15937
16019
16054
18529
23048
25311
25492
25596
25644
26318
27185
27609
31218
31432
31463
35666
37046
38981
39449
40678
41156
41814
42202
43112
43807
43830
45630
46766
47049
47452
47628
47963
50543
51623
52682
54454
54502
54950
55446
55788
56815
57047
57526
57595
58963
59710
59960
60775
61982
63258
63701
64847
66076
66116
69223
70393
70535
71072
71399
72118
73649
74652
75439
76348
76431
77077
78306
80615
83256
85589
86170
86752
87111
90136
90247
90512
90960
92962
95030
95636
97897
102737
102747
103768
106096
106351
107987
110389
113069
116532
116916
117711
118976
119586
121456
122414
122888
123785
124693
125013
125161
125354
128168
128220
132932
133290
134014
134918
134974
137684
138950
139349
140555
140861
141267
142167
143298
144184
144652
149610
149971
150181
151932
152116
152348
152677
153785
154057
154588
154939
155353
156528
156744
156889
157635
158358
159454
161005
162145
176039
176478
176925
178030
179453
180191
182672
184566
185076
185942
186480
187230
187272
189521
189739
190347
190393
192104
194288
194712
196834
197060
203571
205354
205427
205712
207052
209771
209829
211060
211095
211502
212371
213291
213519
219998
220921
221024
221916
221990
222295
223929
224886
226920
227049
227300
227948
228481
229919
230849
232559
235053
236229
237068
237204
238634
238850
239750
240175
240506
240895
241209
243747
243862
244156
244177
245278
246234
247495
247810
249019
249168
249684
251691
252254
252401
252967
253282
259514
259598
260755
261349
263037
263184
266786
266846
268784
271156
271556
271824
271874
274234
274849
276569
277512
277838
278021
279522
279798
281977
285184
285862
286681
286865
287654
288263
288941
289463
290904
291993
292287
292470
294243
296452
297948
298914
299315
299555
300013
301630
304350
306083
308612
308677
309427
311878
312001
313985
314809
315853
316496
319857
320188
322158
325281
326360
326536
327768
328760
332101
333217
333848
334632
334717
335093
335830
336164
336462
338230
339285
339841
341066
341509
342016
342110
342476
342821
343530
343643
344165
350958
351040
352488
354398
354868
354937
355177
355514
357398
358926
359363
359634
360568
362443
363967
366532
366622
367437
367714
369378
371326
372258
372559
373381
374428
375479
377051
377108
377396
377893
380674
380680
381210
381374
381698
384949
387365
387605
389744
390854
393103
393374
394129
394193
394313
395823
397960
402554
404030
404802
405402
409927
410246
411362
411477
411650
413904
415635
416042
416611
416789
418214
421416
422083
423077
423773
424100
424936
431828
435568
435941
435999
436679
437372
438063
438318
438342
438511
440148
440472
441615
442544
442872
443741
443768
446671
448175
448272
448678
449425
449938
451696
453067
453554
455432
456393
456587
457299
461812
462351
462648
463479
464824
465143
466036
466246
466677
467127
467830
468798
469315
469822
470747
474612
475981
479561
480225
480413
480611
481543
482909
483165
483317
487579
487702
489940
494480
496707
497918
498017
500495
501451
502388
502429
504005
504278
507608
507658
507829
508446
509230
513001
513705
514299
514452
516085
518672
519756
519844
520004
521144
521235
524491
524606
525363
525434
525867
527877
530289
531110
531192
535022
539045
541348
542142
542740
542878
543012
543120
546951
548287
550172
551591
551921
552321
552945
553144
554324
555192
556537
558262
560185
561182
562207
562906
563564
565827
565996
566474
567630
568300
569821
570536
570644
571400
572222
573217
573223
573468
573628
574267
575434
576187
577106
577582
577926
578291
578335
578347
579545
579616
580181
580241
580426
580539
580572
582234
582247
582487
583913
584261
584459
585536
586397
586569
587343
587397
587415
587756
588543
590418
590852
591334
592822
594837
595666
596601
597699
599131
599181
600198
600667
600740
600944
601092
601504
601671
602660
602938
603822
603847
610674
611368
612156
613469
613484
614590
616505
617004
617257
617438
618161
618854
620278
620543
621204
621849
622384
622839
623061
624209
624474
624919
625624
625810
626702
627142
628784
631839
632917
634075
635444
635694
635927
636069
636345
636597
636789
639389
646021
648026
648752
651620
652871
654031
656567
657981
658376
658607
659939
660124
661987
662515
662625
663026
663147
664213
665428
667212
668113
668902
669165
669502
670515
671072
671171
673696
673976
674122
674747
674944
674953
675888
679720
680012
681910
682106
683049
684137
684614
685615
685658
686570
687124
687453
687574
687949
688166
690051
691377
691529
693085
693297
694127
694979
695519
696264
696380
697232
697428
698283
698796
699085
699451
702392
702460
702546
703390
704839
706021
706109
708422
709022
709973
711997
712062
712265
712686
713926
714256
714803
714873
715660
718558
720213
721203
722857
723450
724262
724481
724764
726665
727165
730217
730391
730610
731160
731447
731600
732011
734180
734198
735311
735664
736200
736922
737064
737256
740203
740351
740382
740528
740687
741011
742293
742474
743317
744472
744684
745076
745514
745769
745987
749609
749766
750276
750462
752578
753847
756531
757775
758089
758209
759730
763617
764818
765556
765608
766670
766695
767254
767454
767659
767910
768370
768912
769362
769699
771678
773048
775565
776887
777209
777866
780775
780926
781134
782309
784259
784694
787363
787927
787971
788499
788804
788873
788962
790224
791511
792010
792049
792627
792872
795186
795610
796013
798556
798807
799681
800861
801810
801987
803138
803982
804233
804647
804975
808367
809597
811860
813730
814495
816204
817926
818094
818313
818399
820618
820837
822688
825641
826283
826694
827826
828238
833751
834151
836799
837904
837957
838019
840181
842573
843116
843975
844499
845660
846065
846132
848860
848992
852010
852792
853062
853767
854704
855233
856142
857773
858443
859263
859271
859572
859751
862130
862602
863273
863302
865108
867623
868635
869078
869283
870140
870151
870444
871886
874424
875603
876457
876954
877614
878608
880501
880768
882465
882479
883294
884182
884800
884989
886367
886547
886799
886979
887477
887612
888019
890470
890945
891397
892068
892128
892549
893077
893330
895153
899172
899798
901960
902040
902912
903387
903841
904588
905974
907309
908503
908714
908965
909961
910522
911056
912777
912971
913574
914797
915688
917717
919420
919678
919974
920403
921137
921179
924326
924556
925036
925208
925249
926068
927838
928600
929045
929781
930758
931410
931663
932502
934843
939060
939451
939943
940035
940950
941154
942887
942990
943396
943989
945879
947341
947679
950431
951568
951704
951782
951783
952081
952359
952904
953592
954542
954724
955677
955745
956078
958941
959527
959776
960098
961956
962137
962220
962406
962664
962757
962779
962823
963156
964639
964746
965707
965858
966023
966766
966838
967577
969200
969250
971147
971759
972901
973243
973793
975642
976094
976100
976190
977262
977773
978210
978340
979478
980498
980738
985019
985238
985865
988416
988778
992413
992876
992994
994116
994188
994293
994721
995720
996057
996578
997495
999191
999797
1001005
1001340
1002585
1003641
1004686
1004772
1005083
